2,20,2.55,50,WF_2_20_2.55
2,24,2.60,50,WF_2_24_2.60
2,24,2.62,50,WF_2_24_2.62
2,32,2.65,50,WF_2_32_2.65
2,32,2.70,100,WF_2_32_2.70
4,20,7.7,50,WF_4_20_7.7
4,20,7.72,50,WF_4_20_7.72
4,20,7.76,120,WF_4_20_7.76
4,20,7.78,40,WF_4_20_7.78
4,20,7.80,40,WF_4_20_7.80
4,20,7.85,70,WF_4_20_7.85
4,24,8.2,3500,WF_4_24_8.2
6,18,15.75,60,WF_6_18_15.75
6,16,15.9,100,WF_6_16_15.9
6,16,16.1,400,WF_6_16_16.1
6,20,16.3,800,WF_6_20_16.3
8,16,26.5,400,WF_8_16_26.5
8,16,26.7,400,WF_8_16_26.7
8,16,27.0,1200,WF_8_16_27.0 
8,16,27.2,3000,WF_8_16_27.2
	
